2.000000000000000000e+00
3.000000000000000000e+00
4.000000000000000000e+00
5.000000000000000000e+00
6.000000000000000000e+00
7.000000000000000000e+00
8.000000000000000000e+00
9.000000000000000000e+00
1.000000000000000000e+01
1.100000000000000000e+01
1.200000000000000000e+01
1.300000000000000000e+01
1.400000000000000000e+01
1.500000000000000000e+01
1.600000000000000000e+01
1.700000000000000000e+01
6.500000000000000000e+01
6.600000000000000000e+01
6.700000000000000000e+01
6.800000000000000000e+01
6.900000000000000000e+01
7.000000000000000000e+01
7.100000000000000000e+01
7.200000000000000000e+01
7.300000000000000000e+01
7.400000000000000000e+01
7.500000000000000000e+01
7.600000000000000000e+01
7.700000000000000000e+01
7.800000000000000000e+01
1.280000000000000000e+02
1.290000000000000000e+02
1.300000000000000000e+02
1.310000000000000000e+02
1.320000000000000000e+02
1.330000000000000000e+02
1.340000000000000000e+02
1.350000000000000000e+02
1.360000000000000000e+02
1.370000000000000000e+02
1.380000000000000000e+02
1.390000000000000000e+02
1.400000000000000000e+02
1.910000000000000000e+02
1.920000000000000000e+02
1.930000000000000000e+02
1.940000000000000000e+02
1.950000000000000000e+02
1.960000000000000000e+02
1.970000000000000000e+02
1.980000000000000000e+02
1.990000000000000000e+02
2.000000000000000000e+02
2.010000000000000000e+02
2.540000000000000000e+02
2.550000000000000000e+02
2.560000000000000000e+02
2.570000000000000000e+02
2.580000000000000000e+02
2.590000000000000000e+02
2.600000000000000000e+02
2.610000000000000000e+02
2.620000000000000000e+02
2.630000000000000000e+02
2.720000000000000000e+02
2.730000000000000000e+02
2.740000000000000000e+02
3.170000000000000000e+02
3.180000000000000000e+02
3.190000000000000000e+02
3.200000000000000000e+02
3.210000000000000000e+02
3.220000000000000000e+02
3.230000000000000000e+02
3.240000000000000000e+02
3.300000000000000000e+02
3.310000000000000000e+02
3.330000000000000000e+02
3.340000000000000000e+02
3.350000000000000000e+02
3.360000000000000000e+02
3.800000000000000000e+02
3.810000000000000000e+02
3.820000000000000000e+02
3.830000000000000000e+02
3.840000000000000000e+02
3.850000000000000000e+02
3.920000000000000000e+02
3.930000000000000000e+02
3.940000000000000000e+02
3.960000000000000000e+02
3.970000000000000000e+02
3.980000000000000000e+02
4.430000000000000000e+02
4.440000000000000000e+02
4.450000000000000000e+02
4.460000000000000000e+02
4.470000000000000000e+02
4.530000000000000000e+02
4.540000000000000000e+02
4.550000000000000000e+02
4.560000000000000000e+02
4.570000000000000000e+02
4.580000000000000000e+02
4.600000000000000000e+02
5.060000000000000000e+02
5.070000000000000000e+02
5.080000000000000000e+02
5.090000000000000000e+02
5.140000000000000000e+02
5.150000000000000000e+02
5.160000000000000000e+02
5.170000000000000000e+02
5.180000000000000000e+02
5.190000000000000000e+02
5.200000000000000000e+02
5.210000000000000000e+02
5.230000000000000000e+02
5.280000000000000000e+02
5.290000000000000000e+02
5.690000000000000000e+02
5.700000000000000000e+02
5.710000000000000000e+02
5.760000000000000000e+02
5.770000000000000000e+02
5.780000000000000000e+02
5.790000000000000000e+02
5.800000000000000000e+02
5.810000000000000000e+02
5.820000000000000000e+02
5.830000000000000000e+02
5.840000000000000000e+02
5.900000000000000000e+02
5.910000000000000000e+02
5.920000000000000000e+02
6.320000000000000000e+02
6.330000000000000000e+02
6.360000000000000000e+02
6.410000000000000000e+02
6.420000000000000000e+02
6.430000000000000000e+02
6.440000000000000000e+02
6.450000000000000000e+02
6.460000000000000000e+02
6.470000000000000000e+02
6.520000000000000000e+02
6.540000000000000000e+02
6.700000000000000000e+02
6.710000000000000000e+02
6.720000000000000000e+02
6.730000000000000000e+02
6.740000000000000000e+02
6.750000000000000000e+02
6.760000000000000000e+02
6.770000000000000000e+02
6.780000000000000000e+02
6.790000000000000000e+02
6.800000000000000000e+02
6.810000000000000000e+02
6.820000000000000000e+02
6.830000000000000000e+02
6.840000000000000000e+02
6.850000000000000000e+02
6.930000000000000000e+02
6.950000000000000000e+02
6.960000000000000000e+02
6.980000000000000000e+02
6.990000000000000000e+02
7.000000000000000000e+02
7.010000000000000000e+02
7.050000000000000000e+02
7.060000000000000000e+02
7.070000000000000000e+02
7.080000000000000000e+02
7.090000000000000000e+02
7.100000000000000000e+02
7.140000000000000000e+02
7.150000000000000000e+02
7.310000000000000000e+02
7.320000000000000000e+02
7.330000000000000000e+02
7.340000000000000000e+02
7.350000000000000000e+02
7.360000000000000000e+02
7.370000000000000000e+02
7.380000000000000000e+02
7.390000000000000000e+02
7.400000000000000000e+02
7.410000000000000000e+02
7.420000000000000000e+02
7.430000000000000000e+02
7.440000000000000000e+02
7.450000000000000000e+02
7.460000000000000000e+02
7.470000000000000000e+02
7.480000000000000000e+02
7.490000000000000000e+02
7.500000000000000000e+02
7.510000000000000000e+02
7.520000000000000000e+02
7.530000000000000000e+02
7.540000000000000000e+02
7.550000000000000000e+02
7.560000000000000000e+02
7.580000000000000000e+02
7.610000000000000000e+02
7.620000000000000000e+02
7.630000000000000000e+02
7.640000000000000000e+02
7.650000000000000000e+02
7.690000000000000000e+02
7.700000000000000000e+02
7.710000000000000000e+02
7.720000000000000000e+02
7.770000000000000000e+02
7.780000000000000000e+02
7.900000000000000000e+02
7.910000000000000000e+02
7.920000000000000000e+02
7.930000000000000000e+02
7.940000000000000000e+02
7.950000000000000000e+02
7.960000000000000000e+02
7.970000000000000000e+02
7.980000000000000000e+02
7.990000000000000000e+02
8.000000000000000000e+02
8.010000000000000000e+02
8.020000000000000000e+02
8.030000000000000000e+02
8.040000000000000000e+02
8.050000000000000000e+02
8.060000000000000000e+02
8.070000000000000000e+02
8.080000000000000000e+02
8.090000000000000000e+02
8.100000000000000000e+02
8.110000000000000000e+02
8.120000000000000000e+02
8.130000000000000000e+02
8.140000000000000000e+02
8.150000000000000000e+02
8.160000000000000000e+02
8.170000000000000000e+02
8.180000000000000000e+02
8.190000000000000000e+02
8.230000000000000000e+02
8.240000000000000000e+02
8.250000000000000000e+02
8.260000000000000000e+02
8.270000000000000000e+02
8.280000000000000000e+02
8.290000000000000000e+02
8.300000000000000000e+02
8.330000000000000000e+02
8.340000000000000000e+02
8.380000000000000000e+02
8.390000000000000000e+02
8.410000000000000000e+02
8.420000000000000000e+02
8.530000000000000000e+02
8.540000000000000000e+02
8.550000000000000000e+02
8.560000000000000000e+02
8.570000000000000000e+02
8.580000000000000000e+02
8.590000000000000000e+02
8.600000000000000000e+02
8.610000000000000000e+02
8.620000000000000000e+02
8.630000000000000000e+02
8.640000000000000000e+02
8.650000000000000000e+02
8.660000000000000000e+02
8.670000000000000000e+02
8.680000000000000000e+02
8.690000000000000000e+02
8.700000000000000000e+02
8.710000000000000000e+02
8.720000000000000000e+02
8.730000000000000000e+02
8.740000000000000000e+02
8.750000000000000000e+02
8.760000000000000000e+02
8.770000000000000000e+02
8.780000000000000000e+02
8.790000000000000000e+02
8.800000000000000000e+02
8.810000000000000000e+02
8.820000000000000000e+02
8.860000000000000000e+02
8.870000000000000000e+02
8.880000000000000000e+02
8.890000000000000000e+02
8.900000000000000000e+02
8.910000000000000000e+02
8.920000000000000000e+02
8.930000000000000000e+02
8.940000000000000000e+02
9.000000000000000000e+02
9.020000000000000000e+02
9.050000000000000000e+02
9.120000000000000000e+02
9.130000000000000000e+02
9.150000000000000000e+02
9.170000000000000000e+02
9.180000000000000000e+02
9.190000000000000000e+02
9.200000000000000000e+02
9.210000000000000000e+02
9.220000000000000000e+02
9.230000000000000000e+02
9.240000000000000000e+02
9.250000000000000000e+02
9.260000000000000000e+02
9.270000000000000000e+02
9.280000000000000000e+02
9.290000000000000000e+02
9.300000000000000000e+02
9.310000000000000000e+02
9.320000000000000000e+02
9.330000000000000000e+02
9.340000000000000000e+02
9.350000000000000000e+02
9.360000000000000000e+02
9.370000000000000000e+02
9.380000000000000000e+02
9.390000000000000000e+02
9.400000000000000000e+02
9.410000000000000000e+02
9.420000000000000000e+02
9.430000000000000000e+02
9.440000000000000000e+02
9.450000000000000000e+02
9.480000000000000000e+02
9.490000000000000000e+02
9.500000000000000000e+02
9.510000000000000000e+02
9.520000000000000000e+02
9.530000000000000000e+02
9.540000000000000000e+02
9.550000000000000000e+02
9.560000000000000000e+02
9.570000000000000000e+02
9.620000000000000000e+02
9.630000000000000000e+02
9.640000000000000000e+02
9.660000000000000000e+02
9.690000000000000000e+02
9.750000000000000000e+02
9.760000000000000000e+02
9.770000000000000000e+02
9.790000000000000000e+02
9.800000000000000000e+02
9.810000000000000000e+02
9.820000000000000000e+02
9.830000000000000000e+02
9.840000000000000000e+02
9.850000000000000000e+02
9.860000000000000000e+02
9.870000000000000000e+02
9.880000000000000000e+02
9.890000000000000000e+02
9.900000000000000000e+02
9.910000000000000000e+02
9.920000000000000000e+02
9.930000000000000000e+02
9.940000000000000000e+02
9.950000000000000000e+02
9.960000000000000000e+02
9.970000000000000000e+02
9.980000000000000000e+02
9.990000000000000000e+02
1.000000000000000000e+03
1.001000000000000000e+03
1.002000000000000000e+03
1.003000000000000000e+03
1.004000000000000000e+03
1.005000000000000000e+03
1.006000000000000000e+03
1.007000000000000000e+03
1.008000000000000000e+03
1.011000000000000000e+03
1.012000000000000000e+03
1.013000000000000000e+03
1.014000000000000000e+03
1.015000000000000000e+03
1.016000000000000000e+03
1.017000000000000000e+03
1.018000000000000000e+03
1.019000000000000000e+03
1.020000000000000000e+03
1.025000000000000000e+03
1.026000000000000000e+03
1.027000000000000000e+03
1.029000000000000000e+03
1.032000000000000000e+03
1.038000000000000000e+03
1.039000000000000000e+03
1.040000000000000000e+03
1.042000000000000000e+03
1.043000000000000000e+03
1.044000000000000000e+03
1.045000000000000000e+03
1.046000000000000000e+03
1.047000000000000000e+03
1.048000000000000000e+03
1.049000000000000000e+03
1.050000000000000000e+03
1.051000000000000000e+03
1.052000000000000000e+03
1.053000000000000000e+03
1.054000000000000000e+03
1.055000000000000000e+03
1.056000000000000000e+03
1.057000000000000000e+03
1.058000000000000000e+03
1.059000000000000000e+03
1.060000000000000000e+03
1.061000000000000000e+03
1.062000000000000000e+03
1.063000000000000000e+03
1.064000000000000000e+03
1.065000000000000000e+03
1.066000000000000000e+03
1.067000000000000000e+03
1.068000000000000000e+03
1.069000000000000000e+03
1.070000000000000000e+03
1.071000000000000000e+03
1.075000000000000000e+03
1.076000000000000000e+03
1.077000000000000000e+03
1.078000000000000000e+03
1.079000000000000000e+03
1.080000000000000000e+03
1.081000000000000000e+03
1.082000000000000000e+03
1.083000000000000000e+03
1.089000000000000000e+03
1.091000000000000000e+03
1.094000000000000000e+03
1.101000000000000000e+03
1.102000000000000000e+03
1.104000000000000000e+03
1.106000000000000000e+03
1.107000000000000000e+03
1.108000000000000000e+03
1.109000000000000000e+03
1.110000000000000000e+03
1.111000000000000000e+03
1.112000000000000000e+03
1.113000000000000000e+03
1.114000000000000000e+03
1.115000000000000000e+03
1.116000000000000000e+03
1.117000000000000000e+03
1.118000000000000000e+03
1.119000000000000000e+03
1.120000000000000000e+03
1.121000000000000000e+03
1.122000000000000000e+03
1.123000000000000000e+03
1.124000000000000000e+03
1.125000000000000000e+03
1.126000000000000000e+03
1.127000000000000000e+03
1.128000000000000000e+03
1.129000000000000000e+03
1.130000000000000000e+03
1.131000000000000000e+03
1.132000000000000000e+03
1.133000000000000000e+03
1.134000000000000000e+03
1.138000000000000000e+03
1.139000000000000000e+03
1.140000000000000000e+03
1.141000000000000000e+03
1.142000000000000000e+03
1.143000000000000000e+03
1.144000000000000000e+03
1.145000000000000000e+03
1.148000000000000000e+03
1.149000000000000000e+03
1.153000000000000000e+03
1.154000000000000000e+03
1.156000000000000000e+03
1.157000000000000000e+03
1.168000000000000000e+03
1.169000000000000000e+03
1.170000000000000000e+03
1.171000000000000000e+03
1.172000000000000000e+03
1.173000000000000000e+03
1.174000000000000000e+03
1.175000000000000000e+03
1.176000000000000000e+03
1.177000000000000000e+03
1.178000000000000000e+03
1.179000000000000000e+03
1.180000000000000000e+03
1.181000000000000000e+03
1.182000000000000000e+03
1.183000000000000000e+03
1.184000000000000000e+03
1.185000000000000000e+03
1.186000000000000000e+03
1.187000000000000000e+03
1.188000000000000000e+03
1.189000000000000000e+03
1.190000000000000000e+03
1.191000000000000000e+03
1.192000000000000000e+03
1.193000000000000000e+03
1.194000000000000000e+03
1.195000000000000000e+03
1.196000000000000000e+03
1.197000000000000000e+03
1.199000000000000000e+03
1.202000000000000000e+03
1.203000000000000000e+03
1.204000000000000000e+03
1.205000000000000000e+03
1.206000000000000000e+03
1.210000000000000000e+03
1.211000000000000000e+03
1.212000000000000000e+03
1.213000000000000000e+03
1.218000000000000000e+03
1.219000000000000000e+03
1.231000000000000000e+03
1.232000000000000000e+03
1.233000000000000000e+03
1.234000000000000000e+03
1.235000000000000000e+03
1.236000000000000000e+03
1.237000000000000000e+03
1.238000000000000000e+03
1.239000000000000000e+03
1.240000000000000000e+03
1.241000000000000000e+03
1.242000000000000000e+03
1.243000000000000000e+03
1.244000000000000000e+03
1.245000000000000000e+03
1.246000000000000000e+03
1.247000000000000000e+03
1.248000000000000000e+03
1.249000000000000000e+03
1.250000000000000000e+03
1.251000000000000000e+03
1.252000000000000000e+03
1.253000000000000000e+03
1.254000000000000000e+03
1.255000000000000000e+03
1.256000000000000000e+03
1.257000000000000000e+03
1.258000000000000000e+03
1.259000000000000000e+03
1.260000000000000000e+03
1.262000000000000000e+03
1.263000000000000000e+03
1.265000000000000000e+03
1.266000000000000000e+03
1.267000000000000000e+03
1.268000000000000000e+03
1.272000000000000000e+03
1.273000000000000000e+03
1.274000000000000000e+03
1.275000000000000000e+03
1.276000000000000000e+03
1.277000000000000000e+03
1.281000000000000000e+03
1.282000000000000000e+03
1.298000000000000000e+03
1.299000000000000000e+03
1.300000000000000000e+03
1.301000000000000000e+03
1.302000000000000000e+03
1.303000000000000000e+03
1.304000000000000000e+03
1.305000000000000000e+03
1.306000000000000000e+03
1.307000000000000000e+03
1.308000000000000000e+03
1.309000000000000000e+03
1.310000000000000000e+03
1.311000000000000000e+03
1.312000000000000000e+03
1.313000000000000000e+03
1.314000000000000000e+03
1.315000000000000000e+03
1.316000000000000000e+03
1.317000000000000000e+03
1.318000000000000000e+03
1.319000000000000000e+03
1.320000000000000000e+03
1.321000000000000000e+03
1.322000000000000000e+03
1.323000000000000000e+03
1.325000000000000000e+03
1.326000000000000000e+03
1.329000000000000000e+03
1.334000000000000000e+03
1.335000000000000000e+03
1.336000000000000000e+03
1.337000000000000000e+03
1.338000000000000000e+03
1.339000000000000000e+03
1.340000000000000000e+03
1.345000000000000000e+03
1.347000000000000000e+03
1.363000000000000000e+03
1.364000000000000000e+03
1.365000000000000000e+03
1.366000000000000000e+03
1.367000000000000000e+03
1.368000000000000000e+03
1.369000000000000000e+03
1.370000000000000000e+03
1.371000000000000000e+03
1.372000000000000000e+03
1.373000000000000000e+03
1.374000000000000000e+03
1.375000000000000000e+03
1.376000000000000000e+03
1.377000000000000000e+03
1.378000000000000000e+03
1.386000000000000000e+03
1.388000000000000000e+03
1.389000000000000000e+03
1.390000000000000000e+03
1.395000000000000000e+03
1.396000000000000000e+03
1.397000000000000000e+03
1.398000000000000000e+03
1.399000000000000000e+03
1.400000000000000000e+03
1.401000000000000000e+03
1.402000000000000000e+03
1.403000000000000000e+03
1.409000000000000000e+03
1.410000000000000000e+03
1.411000000000000000e+03
1.451000000000000000e+03
1.452000000000000000e+03
1.453000000000000000e+03
1.454000000000000000e+03
1.459000000000000000e+03
1.460000000000000000e+03
1.461000000000000000e+03
1.462000000000000000e+03
1.463000000000000000e+03
1.464000000000000000e+03
1.465000000000000000e+03
1.466000000000000000e+03
1.468000000000000000e+03
1.473000000000000000e+03
1.474000000000000000e+03
1.514000000000000000e+03
1.515000000000000000e+03
1.516000000000000000e+03
1.517000000000000000e+03
1.518000000000000000e+03
1.524000000000000000e+03
1.525000000000000000e+03
1.526000000000000000e+03
1.527000000000000000e+03
1.528000000000000000e+03
1.529000000000000000e+03
1.531000000000000000e+03
1.577000000000000000e+03
1.578000000000000000e+03
1.579000000000000000e+03
1.580000000000000000e+03
1.581000000000000000e+03
1.582000000000000000e+03
1.589000000000000000e+03
1.590000000000000000e+03
1.591000000000000000e+03
1.593000000000000000e+03
1.594000000000000000e+03
1.595000000000000000e+03
1.640000000000000000e+03
1.641000000000000000e+03
1.642000000000000000e+03
1.643000000000000000e+03
1.644000000000000000e+03
1.645000000000000000e+03
1.646000000000000000e+03
1.647000000000000000e+03
1.653000000000000000e+03
1.654000000000000000e+03
1.656000000000000000e+03
1.657000000000000000e+03
1.658000000000000000e+03
1.659000000000000000e+03
1.703000000000000000e+03
1.704000000000000000e+03
1.705000000000000000e+03
1.706000000000000000e+03
1.707000000000000000e+03
1.708000000000000000e+03
1.709000000000000000e+03
1.710000000000000000e+03
1.711000000000000000e+03
1.712000000000000000e+03
1.721000000000000000e+03
1.722000000000000000e+03
1.723000000000000000e+03
1.766000000000000000e+03
1.767000000000000000e+03
1.768000000000000000e+03
1.769000000000000000e+03
1.770000000000000000e+03
1.771000000000000000e+03
1.772000000000000000e+03
1.773000000000000000e+03
1.774000000000000000e+03
1.775000000000000000e+03
1.776000000000000000e+03
1.829000000000000000e+03
1.830000000000000000e+03
1.831000000000000000e+03
1.832000000000000000e+03
1.833000000000000000e+03
1.834000000000000000e+03
1.835000000000000000e+03
1.836000000000000000e+03
1.837000000000000000e+03
1.838000000000000000e+03
1.839000000000000000e+03
1.840000000000000000e+03
1.841000000000000000e+03
1.892000000000000000e+03
1.893000000000000000e+03
1.894000000000000000e+03
1.895000000000000000e+03
1.896000000000000000e+03
1.897000000000000000e+03
1.898000000000000000e+03
1.899000000000000000e+03
1.900000000000000000e+03
1.901000000000000000e+03
1.902000000000000000e+03
1.903000000000000000e+03
1.904000000000000000e+03
1.905000000000000000e+03
1.955000000000000000e+03
1.956000000000000000e+03
1.957000000000000000e+03
1.958000000000000000e+03
1.959000000000000000e+03
1.960000000000000000e+03
1.961000000000000000e+03
1.962000000000000000e+03
1.963000000000000000e+03
1.964000000000000000e+03
1.965000000000000000e+03
1.966000000000000000e+03
1.967000000000000000e+03
1.968000000000000000e+03
1.969000000000000000e+03
1.970000000000000000e+03
