2.000000000000000000e+00
3.000000000000000000e+00
4.000000000000000000e+00
5.000000000000000000e+00
6.000000000000000000e+00
7.000000000000000000e+00
8.000000000000000000e+00
6.500000000000000000e+01
6.600000000000000000e+01
6.700000000000000000e+01
6.800000000000000000e+01
6.900000000000000000e+01
7.000000000000000000e+01
7.100000000000000000e+01
7.200000000000000000e+01
1.280000000000000000e+02
1.290000000000000000e+02
1.300000000000000000e+02
1.310000000000000000e+02
1.320000000000000000e+02
1.330000000000000000e+02
1.340000000000000000e+02
1.350000000000000000e+02
1.920000000000000000e+02
1.930000000000000000e+02
1.940000000000000000e+02
1.950000000000000000e+02
1.960000000000000000e+02
1.970000000000000000e+02
1.980000000000000000e+02
2.550000000000000000e+02
2.560000000000000000e+02
2.570000000000000000e+02
2.580000000000000000e+02
2.590000000000000000e+02
2.600000000000000000e+02
2.610000000000000000e+02
3.190000000000000000e+02
3.200000000000000000e+02
3.210000000000000000e+02
3.220000000000000000e+02
3.230000000000000000e+02
9.390000000000000000e+02
9.400000000000000000e+02
9.410000000000000000e+02
9.420000000000000000e+02
9.430000000000000000e+02
9.860000000000000000e+02
9.870000000000000000e+02
9.880000000000000000e+02
9.890000000000000000e+02
9.900000000000000000e+02
9.910000000000000000e+02
9.920000000000000000e+02
9.930000000000000000e+02
9.940000000000000000e+02
9.950000000000000000e+02
9.960000000000000000e+02
9.970000000000000000e+02
9.980000000000000000e+02
9.990000000000000000e+02
1.000000000000000000e+03
1.001000000000000000e+03
1.002000000000000000e+03
1.003000000000000000e+03
1.004000000000000000e+03
1.005000000000000000e+03
1.006000000000000000e+03
1.007000000000000000e+03
1.008000000000000000e+03
1.049000000000000000e+03
1.050000000000000000e+03
1.051000000000000000e+03
1.052000000000000000e+03
1.053000000000000000e+03
1.054000000000000000e+03
1.055000000000000000e+03
1.056000000000000000e+03
1.057000000000000000e+03
1.058000000000000000e+03
1.059000000000000000e+03
1.060000000000000000e+03
1.061000000000000000e+03
1.062000000000000000e+03
1.063000000000000000e+03
1.064000000000000000e+03
1.065000000000000000e+03
1.066000000000000000e+03
1.067000000000000000e+03
1.068000000000000000e+03
1.069000000000000000e+03
1.070000000000000000e+03
1.071000000000000000e+03
1.128000000000000000e+03
1.129000000000000000e+03
1.130000000000000000e+03
1.131000000000000000e+03
1.132000000000000000e+03
1.642000000000000000e+03
1.643000000000000000e+03
1.644000000000000000e+03
1.645000000000000000e+03
1.646000000000000000e+03
1.704000000000000000e+03
1.705000000000000000e+03
1.706000000000000000e+03
1.707000000000000000e+03
1.708000000000000000e+03
1.709000000000000000e+03
1.710000000000000000e+03
1.767000000000000000e+03
1.768000000000000000e+03
1.769000000000000000e+03
1.770000000000000000e+03
1.771000000000000000e+03
1.772000000000000000e+03
1.773000000000000000e+03
1.829000000000000000e+03
1.830000000000000000e+03
1.831000000000000000e+03
1.832000000000000000e+03
1.833000000000000000e+03
1.834000000000000000e+03
1.835000000000000000e+03
1.836000000000000000e+03
1.892000000000000000e+03
1.893000000000000000e+03
1.894000000000000000e+03
1.895000000000000000e+03
1.896000000000000000e+03
1.897000000000000000e+03
1.898000000000000000e+03
1.899000000000000000e+03
1.955000000000000000e+03
1.956000000000000000e+03
1.957000000000000000e+03
1.958000000000000000e+03
1.959000000000000000e+03
1.960000000000000000e+03
1.961000000000000000e+03
